0.9999992959904187 0.9999992959904187 0.9999992959904187 0.9999994720985161 0.9999994720985161 0.9999996156850902 0.9999996156850902 0.9999996156850902 0.999999632385174 0.9999996611172126 0.9999996611172126 0.9999996710117538 0.9999996710117538 0.9999996714543297 0.9999996764466075
0.9999992959904187 0.9999992959904187 0.9999992959904187 0.9999994720985161 0.9999994720985161 0.9999996156850902 0.9999996156850902 0.9999996156850902 0.999999632385174 0.9999996611172126 0.9999996611172126 0.9999996710117538 0.9999996710117538 0.9999996714543297 0.9999996764466075
0.9627138397085064 0.9999992959904187 0.9999994610155911 0.9999994610155911 0.9999994895750783 0.9999995385916833 0.9999995385916833 0.9999996538034422 0.9999996538034422 0.9999996538034422 0.9999996731011517 0.9999996879019823 0.9999996879019823 0.9999996879019823 0.9999996879019823
0.9999992959904187 0.9999996585199198 0.9999996737076277 0.999999674883346 0.999999674883346 0.9999996789020923 0.9999996789020923 0.9999997309984936 0.9999997329566843 0.9999997329566843 0.9999997329566843 0.9999997329566843 0.9999997329566843 0.9999997329566843 0.9999997337282044
-0.008764935028037345 0.9999996487358258 0.9999996487358258 0.9999996487358258 0.9999996487358258 0.9999996487358258 0.999999653743687 0.9999996593734988 0.9999996593734988 0.9999996593734988 0.9999996593734988 0.9999996593734988 0.9999996607794593 0.999999661479128 0.999999661479128
0.9999992959904187 0.9999996431440586 0.9999996448338897 0.9999996448338897 0.9999996521441123 0.9999996521441123 0.9999996521441123 0.9999996637948873 0.9999996637948873 0.9999996791919806 0.9999996791919806 0.9999996791919806 0.999999698861159 0.999999698861159 0.9999997015047909
0.9999859721923899 0.9999994521578117 0.9999996447203487 0.9999996531021147 0.9999996636766847 0.9999996636766847 0.9999996636766847 0.9999996636766847 0.9999996727415488 0.9999996727415488 0.9999996727415488 0.9999996750975566 0.9999996750975566 0.9999996750975566 0.9999996750975566
0.9999992959904187 0.999999296513994 0.9999993104379672 0.9999995617729421 0.9999996330765665 0.9999996334524853 0.9999996334524853 0.9999996420559025 0.9999996420559025 0.9999996420559025 0.9999996420559025 0.9999996455752659 0.9999996534212936 0.9999996534212936 0.9999996534212936
0.9999992959904187 0.9999992959904187 0.9999992959904187 0.9999992959904187 0.9999995388170639 0.9999995760022237 0.9999996252174194 0.9999996933566455 0.9999996941689591 0.9999997030798884 0.9999997055010519 0.9999997055010519 0.9999997055010519 0.9999997055010519 0.9999997118138831
0.9999992959904187 0.9999994759573219 0.9999996287408875 0.9999996433641419 0.9999996519687517 0.9999996519687517 0.9999996526090345 0.9999996526090345 0.9999996526090345 0.9999996526090345 0.9999996526090345 0.9999996526090345 0.9999996553842913 0.9999996553842913 0.9999996553842913
0.999972558510187 0.9999994521832154 0.9999994540423044 0.999999588997412 0.9999996145367491 0.9999996272378837 0.9999996541971787 0.9999996541971787 0.9999996578340002 0.9999996581577256 0.9999996581577256 0.999999660745132 0.999999660745132 0.999999660745132 0.999999660745132