1730916561 0.9640768379089714 0.9640768379089714 0.9717556447603248 0.9717556447603248 0.9717556447603248 0.9717564231587092 0.9717987631775054 0.9718805919850391 0.9718805919850391 0.9718805919850391 0.9718805919850391 0.9720213588315986 0.9720213588315986 0.9720213588315986 0.9720213588315986 0.9720742814892538 0.9720822852366255 0.9720822852366255 0.9720822852366255 0.9720822852366255
3455736957 0.9640768379089714 0.9640768379089714 0.9672994760443515 0.9700765945315429 0.9702233673776942 0.9702233673776942 0.9703434427819785 0.9703434427819785 0.9703434427819785 0.9703434427819785 0.9703434427819785 0.9703434427819785 0.9703434427819785 0.9703434427819785 0.9703434427819785 0.9703434427819785 0.9703434427819785 0.9703434427819785 0.9703434427819785 0.9703473938976462
614817847 0.9640768379089714 0.9640768379089714 0.9727036653237002 0.9727053651388236 0.9786226790443846 0.9788843039803067 0.9788843039803067 0.9789457689884232 0.9789457689884232 0.9789457689884232 0.9789457689884232 0.9789457689884232 0.9789457689884232 0.9789457689884232 0.9789457689884232 0.9789645715189671 0.9789645715189671 0.9789645715189671 0.9789645715189671 0.9789645715189671
1839950604 0.9640768379089714 0.9640768379089714 0.9640768379089714 0.9640768379089714 0.9661710330725125 0.9709395173271438 0.9744266397420746 0.9773472184250123 0.9777624474917055 0.9788843454974583 0.9788843454974583 0.9788843454974583 0.9788843454974583 0.9788843454974583 0.9788843454974583 0.9788843454974583 0.9788843454974583 0.9788843454974583 0.9789807111225027 0.9792658442740446
3569799961 0.9640768379089714 0.9640768379089714 0.9640768379089714 0.970461580778523 0.9768868951163132 0.9769994894532493 0.9769994894532493 0.9776119731371125 0.9782103776266013 0.978373774895458 0.9783766911230724 0.9783766911230724 0.9783766911230724 0.9788127376222819 0.9788127376222819 0.9788127376222819 0.9788127376222819 0.9788127376222819 0.9788127376222819 0.9788127376222819
3147936303 0.9640768379089714 0.9640768379089714 0.9640768379089714 0.9640768379089714 0.9640768379089714 0.9640768379089714 0.9640768379089714 0.9640768379089714 0.9640768379089714 0.9640768379089714 0.970852045984213 0.9710745640328269 0.9710990855843669 0.9719009663306136 0.9727557455050527 0.9727810988829083 0.9728178363556751 0.9730246728169603 0.9784036450842744 0.9784036450842744
420024494 0.9640768379089714 0.9640768379089714 0.9640768379089714 0.9640768379089714 0.9640768379089714 0.9640768379089714 0.9640768379089714 0.9640768379089714 0.9640768379089714 0.9640768379089714 0.9640768379089714 0.9640768379089714 0.9640768379089714 0.9640768379089714 0.97700707040502 0.9781805409600297 0.9782630208407498 0.9783662286525601 0.9783662286525601 0.9783662286525601
3588855087 0.9640768379089714 0.9690633997014444 0.9713403009170263 0.9714579143942739 0.972532492992961 0.9755937381633845 0.977051108488663 0.9771633363948339 0.9771633363948339 0.9773391007613406 0.9773600671750181 0.9777686845871247 0.9787699479604236 0.9787699479604236 0.9787699479604236 0.978849333500648 0.978849333500648 0.978849333500648 0.978849333500648 0.978849333500648
1256267603 0.9640768379089714 0.9640768379089714 0.9640768379089714 0.97706174856774 0.977070600338901 0.977077006113508 0.9772671782813827 0.9774975081402688 0.9774975081402688 0.9776998389745634 0.9776998389745634 0.9784762621866709 0.9785365262232949 0.9785365262232949 0.9786016290030899 0.9786016290030899 0.9786016290030899 0.9786016290030899 0.9786016290030899 0.9786016290030899
1047614690 0.9640768379089714 0.9640768379089714 0.9640768379089714 0.9640768379089714 0.9640768379089714 0.9685409902886354 0.9710990855843669 0.9710990855843669 0.9717249765047632 0.9717720627690679 0.97182930203127 0.9718358360210461 0.9718431034953318 0.9718431034953318 0.9718431034953318 0.9718549612328592 0.9718549612328592 0.9718549612328592 0.9718549612328592 0.9718549612328592
1057242448 0.9640768379089714 0.9640768379089714 0.9640768379089714 0.9684308326925541 0.971054888314561 0.9761820091750087 0.9780362176109852 0.9780568655930055 0.9793976565448028 0.9793976565448028 0.9793976565448028 0.9795372413113606 0.9795372413113606 0.9795372413113606 0.9798026475305082 0.9798026475305082 0.9798026475305082 0.9800419128326712 0.9800419128326712 0.9800419128326712
1319655494 0.9640768379089714 0.9640768379089714 0.970443274844433 0.9717273470021027 0.9719308955467626 0.9719308955467626 0.9719308955467626 0.9719308955467626 0.9719720908847381 0.9719720908847381 0.9719720908847381 0.9719720908847381 0.9719720908847381 0.9720132131264211 0.9720394172573108 0.9720394172573108 0.9720394172573108 0.9720394172573108 0.9720394172573108 0.9720512958498275
1258603368 0.9640768379089714 0.9640768379089714 0.9640768379089714 0.9640768379089714 0.9640768379089714 0.968453602751316 0.9694784037834451 0.9694784037834451 0.9694784037834451 0.9694784037834451 0.9694784037834451 0.9707061423431634 0.9774313957475995 0.9774313957475995 0.9775523723069475 0.9775523723069475 0.9775523723069475 0.9775523723069475 0.9778292248114449 0.9778292248114449
1601585413 0.9384270579394915 0.9640768379089714 0.9640768379089714 0.9640842756940587 0.9640842756940587 0.9640842756940587 0.9667200982172099 0.9668902237268667 0.9668902237268667 0.9671386684727147 0.9671386684727147 0.9777107528087488 0.9778915872812451 0.9778915872812451 0.9778915872812451 0.9779185697511877 0.9779185697511877 0.9779185697511877 0.9780494559310047 0.9780494559310047
4228552738 0.9640768379089714 0.9640768379089714 0.9640768379089714 0.9640768379089714 0.9640768379089714 0.9640768379089714 0.9640768379089714 0.9640768379089714 0.9640768379089714 0.9640768379089714 0.9640768379089714 0.9640768379089714 0.9640768379089714 0.9682555873571892 0.9709478390611873 0.9709478390611873 0.9709478390611873 0.9709478390611873 0.9714851605033202 0.9716025310481249
