0.999972558510187 0.9999992959904187 0.9999994967521307 0.9999994967521307 0.9999994967521307 0.9999996005741136 0.9999996005741136 0.9999996005741136 0.9999996005741136 0.9999996005741136 0.9999996005749537 0.9999996076391476 0.9999996076391476 0.9999996076391476 0.9999996076391476
0.999972558510187 0.9999996286587982 0.9999996286587982 0.9999997132809006 0.9999997132809006 0.9999997132809006 0.9999997243671797 0.9999997243743297 0.9999997316533307 0.9999997316533307 0.9999997316533307 0.9999997331670989 0.999999733340843 0.999999733340843 0.999999733340843
0.9984237234673393 0.9999996220326139 0.9999996621921645 0.9999996641275791 0.9999996641275791 0.9999996665947001 0.999999671758942 0.9999996877984066 0.9999996975341576 0.9999996975341576 0.9999996975341576 0.9999996975341576 0.9999996975341576 0.9999996975341576 0.9999997049985815
0.9999992959904187 0.9999995299551858 0.9999995340681539 0.9999996319932717 0.9999996319932717 0.9999996717022562 0.9999996717022562 0.9999996764977233 0.9999996764977233 0.9999996900306055 0.9999996900306055 0.9999996900306055 0.9999996967097781 0.9999997052243859 0.9999997052243859
0.9539320709029914 0.9999992959904187 0.9999996639870666 0.9999996639870666 0.9999996639870666 0.9999996639870666 0.9999996639870666 0.9999996671260432 0.9999996671260432 0.9999996688234117 0.9999996689218353 0.9999996689218353 0.9999996689218353 0.9999996812246987 0.9999996973224656
-0.3830510865784221 0.9651554750004577 0.9726167551552212 0.9812280542282273 0.9812280542282273 0.9826208805526567 0.9828240978744439 0.9845872018088281 0.9874960097764596 0.9874960097764596 0.9874960097764596 0.9874960097764596 0.9874960097764596 0.9878717739819239 0.9878717739819239
-0.3830510865784221 0.9812844034345765 0.9812844034345765 0.9812844034345765 0.9812844034345765 0.9812844034345765 0.9853586291597248 0.9853586291597248 0.9853586291597248 0.9854867846920903 0.9855286580863283 0.9855286580863283 0.9855286580863283 0.9861590987593295 0.9861590987593295
-78.4443372460931 0.9778638185557448 0.983611846176379 0.983611846176379 0.984285038721371 0.984285038721371 0.984285038721371 0.9844458572099863 0.9844458572099863 0.9844458572099863 0.9844458572099863 0.9844458572099863 0.9844458572099863 0.9844458572099863 0.9844458572099863
0.964517917101481 0.9763097413693146 0.9765170349621329 0.9787851723696014 0.9787851723696014 0.9839012907123634 0.98553173504696 0.9878920726460519 0.9880763338886753 0.9880763338886753 0.9880763338886753 0.9880763338886753 0.9880763338886753 0.9880763338886753 0.9880763338886753
0.8809700739337128 0.9667061124231827 0.972373938595046 0.9785827109384058 0.9785827109384058 0.9823988536918036 0.9823988536918036 0.9823988536918036 0.9823988536918036 0.9826978063611066 0.9826978063611066 0.9826978063611066 0.9826978063611066 0.9829098685525409 0.9829098685525409
0.9776966116130549 0.9776966116130549 0.9877351491496994 0.9877351491496994 0.9877351491496994 0.987797111020334 0.9893682196989039 0.9895830427038863 0.9895830427038863 0.9895830427038863 0.9901817565670271 0.9901817565670271 0.9902116594393366 0.9902116594393366 0.9902116594393366 0.9902116594393366 0.9902116594393366 0.9902116594393366 0.9902116594393366 0.9902116594393366 0.9903997940912816 0.9903997940912816 0.9903997940912816 0.9903997940912816 0.9903997940912816 0.9903997940912816 0.9903997940912816 0.9903997940912816 0.9903997940912816 0.9903997940912816 0.9903997940912816 0.9903997940912816 0.9903997940912816 0.9903997940912816 0.9903997940912816 0.9903997940912816 0.991139296517899 0.9915832378839335 0.9918858897085522 0.9920498640346662 0.9920639879426717 0.9920639879426717 0.9920650862782477 0.9921451895504935 0.9921451895504935 0.9921451895504935 0.9921451895504935 0.9921451895504935 0.9921451895504935 0.9921451895504935
0.9776966116130549 0.9824128545644837 0.992964465857149 0.992964465857149 0.993276805712413 0.993276805712413 0.993276805712413 0.993276805712413 0.993276805712413 0.993276805712413 0.993276805712413 0.993276805712413 0.993276805712413 0.993276805712413 0.993276805712413 0.993276805712413 0.993276805712413 0.993276805712413 0.993276805712413 0.993276805712413 0.9943488799380046 0.9943488799380046 0.9943488799380046 0.9943488799380046 0.9944564016010135 0.9944564016010135 0.9944564016010135 0.9944564016010135 0.9944564016010135 0.9944564016010135 0.9944564016010135 0.9944564016010135 0.9944564016010135 0.9944564016010135 0.9944564016010135 0.9944564016010135 0.9944789473666645 0.9944789473666645 0.9944789473666645 0.9944789473666645 0.9944789473666645 0.9944789473666645 0.9944789473666645 0.9944789473666645 0.9944789473666645 0.9944789473666645 0.9944789473666645 0.9945033183851563 0.99450630441617 0.99450630441617
0.9568761319097355 0.9568761319097355 0.9776720923851736 0.9776720923851736 0.9776720923851736 0.9776720923851736 0.9779024602333104 0.9781251247183241 0.9790353162570685 0.9790353162570685 0.9818781106700748 0.9866845275521702 0.9866845275521702 0.9866845275521702 0.9866845275521702 0.9866845275521702 0.9866845275521702 0.9866845275521702 0.9871821861133139 0.9871821861133139
0.9568761319097355 0.9666909114149472 0.9669462244756291 0.9793658695640565 0.9793658695640565 0.9793658695640565 0.9793658695640565 0.9793658695640565 0.9793658695640565 0.9793658695640565 0.9793658695640565 0.9794074331720706 0.9794074331720706 0.9794074331720706 0.9794074331720706 0.9794074331720706 0.9794074331720706 0.9794074331720706 0.9794074331720706 0.9794074331720706
0.9568761319097355 0.9815966931288447 0.9816183077956128 0.9831105652974016 0.9831105652974016 0.9831105652974016 0.9831105652974016 0.9831105652974016 0.9831105652974016 0.9831105652974016 0.9831105652974016 0.9831383035938368 0.9831383035938368 0.9831383035938368 0.9831383035938368 0.9831383035938368 0.9835416813803919 0.9841752662988194 0.9841752662988194 0.9841752662988194
0.9568761319097355 0.9730527180384682 0.9747892296365714 0.9747892296365714 0.975324324828992 0.97904473181472 0.9815417013140062 0.9823336284463575 0.9828655878131141 0.9828655878131141 0.9838960905836497 0.9838960905836497 0.984497088537787 0.984497088537787 0.984497088537787 0.984497088537787 0.984497088537787 0.984497088537787 0.984497088537787 0.984497088537787
0.9568761319097355 0.960211658309838 0.9649101628246615 0.9775450933293218 0.9841268863573522 0.9862612017755257 0.9874771157477493 0.9874771157477493 0.9874771157477493 0.9874771157477493 0.9874771157477493 0.9875563077535616 0.9875563077535616 0.9875563077535616 0.9875563077535616 0.9875563077535616 0.9875563077535616 0.9877458137678751 0.9880475591569349 0.9880475591569349
0.9568761319097355 0.9704321983531975 0.9712203310558973 0.9798577811952667 0.9799253769917553 0.9800444104030501 0.9800551205599343 0.9824403238337819 0.9824403238337819 0.982942728357683 0.982942728357683 0.982942728357683 0.982942728357683 0.982942728357683 0.982942728357683 0.982942728357683 0.982942728357683 0.983143672906254 0.984142192639583 0.984142192639583
0.97469237345946 0.9779900872127174 0.9779900872127174 0.9779900872127174 0.9779900872127174 0.9802937928521082 0.9802937928521082 0.9802937928521082 0.9802937928521082 0.9802937928521082 0.9802937928521082 0.9802937928521082 0.9803338418850656 0.9803338418850656 0.9843061155364924 0.9847763503753898 0.9853106751476463 0.9853106751476463 0.9853106751476463 0.9853106751476463
0.9568761319097355 0.9696060958554696 0.9809287508276732 0.9812429624423299 0.9828525185458851 0.9828525185458851 0.982859289579462 0.9832468118899249 0.9835141859668023 0.9840257984208798 0.9847136584753727 0.9850601333221196 0.9850601333221196 0.9850601333221196 0.9853160180779829 0.9853666427709429 0.9853666427709429 0.9853666427709429 0.9854021154390405 0.9854021154390405
0.9568761319097355 0.9804788035584604 0.9812374435313341 0.9813389805336623 0.9819927025930197 0.9820452641745696 0.9821031213288692 0.9828034205594002 0.9828034205594002 0.9828034205594002 0.9828034205594002 0.9828034205594002 0.9828153757635952 0.983164973674655 0.9839017826051478 0.9839017826051478 0.9839017826051478 0.9840360292740973 0.9846708708706454 0.9846708708706454
0.9568761319097355 0.9568761319097355 0.9636532782530224 0.9702687510012175 0.9706614234242172 0.9810814508442266 0.9817055414050152 0.981941880326477 0.982922449632086 0.982922449632086 0.9831277707525684 0.9831277707525684 0.9831277707525684 0.9833951230696527 0.9835931493863205 0.9835931493863205 0.984231946597062 0.984231946597062 0.984231946597062 0.984231946597062
